2 0.540656 0.869783 0.517220 0.869548 0.517341 0.857362 0.540778 0.857596
1 0.512166 0.649718 0.512120 0.707843 0.480401 0.707817 0.480447 0.649692
1 0.369822 0.298213 0.374468 0.231186 0.405643 0.233347 0.400997 0.300374
1 0.423417 0.879928 0.422127 0.817910 0.453527 0.817257 0.454817 0.879275
1 0.444779 0.754961 0.447884 0.691913 0.478316 0.693411 0.475211 0.756460
1 0.631204 0.396385 0.593789 0.436483 0.570940 0.415164 0.608356 0.375065
1 0.146265 0.400449 0.147830 0.346878 0.182503 0.347891 0.180938 0.401461
1 0.572368 0.530644 0.571730 0.589703 0.542044 0.589382 0.542682 0.530323
1 0.437376 0.321957 0.437327 0.259613 0.468421 0.259589 0.468470 0.321932
1 0.518364 0.491331 0.518313 0.555237 0.486282 0.555212 0.486333 0.491306
1 0.882322 0.541875 0.807070 0.544887 0.805820 0.513662 0.881073 0.510650
1 0.308911 0.361042 0.310378 0.284650 0.342872 0.285274 0.341405 0.361666
1 0.688296 0.315003 0.635276 0.352060 0.617105 0.326062 0.670126 0.289005
2 0.579650 0.505354 0.579638 0.520666 0.564169 0.520654 0.564182 0.505341
2 0.554205 0.828996 0.554193 0.843528 0.537475 0.843514 0.537486 0.828983
2 0.520687 0.856657 0.504852 0.842486 0.516730 0.829213 0.532565 0.843384
2 0.529098 0.890704 0.532828 0.878610 0.548207 0.883354 0.544476 0.895448
2 0.686417 0.652796 0.696147 0.674632 0.683873 0.680102 0.674143 0.658265
2 0.632115 0.814090 0.619305 0.814347 0.618949 0.796538 0.631759 0.796281
2 0.555207 0.825928 0.553135 0.808866 0.566785 0.807209 0.568856 0.824271
2 0.447267 0.888679 0.460181 0.889866 0.458809 0.904803 0.445895 0.903616
2 0.632879 0.711719 0.632688 0.729374 0.618783 0.729224 0.618973 0.711569
2 0.365102 0.471936 0.365083 0.495530 0.349614 0.495518 0.349633 0.471924
2 0.336316 0.372511 0.337945 0.354302 0.350551 0.355430 0.348922 0.373638
2 0.552872 0.841495 0.571466 0.841525 0.571448 0.852931 0.552854 0.852902
3 0.296578 0.676338 0.296233 0.644465 0.308733 0.644330 0.309077 0.676203
3 0.482890 0.766339 0.489352 0.798349 0.472198 0.801812 0.465736 0.769802
3 0.585847 0.681268 0.567118 0.708020 0.556110 0.700313 0.574839 0.673561
3 0.647075 0.689061 0.646041 0.722638 0.633390 0.722249 0.634425 0.688671
3 0.548849 0.658327 0.541689 0.691789 0.528090 0.688879 0.535250 0.655418
3 0.503712 0.555832 0.505194 0.593615 0.490674 0.594185 0.489192 0.556401
3 0.552655 0.443103 0.529891 0.464739 0.519234 0.453527 0.541999 0.431890
3 0.651210 0.808340 0.648499 0.841824 0.635884 0.840803 0.638595 0.807319
3 0.617481 0.779528 0.617453 0.744215 0.630421 0.744205 0.630449 0.779517
3 0.498799 0.630465 0.480400 0.660422 0.468417 0.653062 0.486817 0.623106