1 0.496972 0.823581 0.500468 0.752573 0.533709 0.754210 0.530212 0.825218
1 0.421643 0.829035 0.423560 0.763438 0.455890 0.764383 0.453973 0.829980
1 0.331399 0.267317 0.404115 0.263562 0.405839 0.296955 0.333123 0.300710
1 0.313433 0.463847 0.317196 0.400365 0.347456 0.402158 0.343693 0.465641
1 0.557261 0.598672 0.581554 0.537709 0.607681 0.548121 0.583388 0.609084
1 0.423749 0.721920 0.425701 0.655073 0.455376 0.655940 0.453423 0.722787
1 0.695193 0.381239 0.715599 0.332867 0.745112 0.345317 0.724706 0.393689
1 0.516801 0.470782 0.516740 0.547344 0.485022 0.547319 0.485083 0.470757
1 0.509284 0.555196 0.509989 0.631755 0.478271 0.632047 0.477567 0.555488
1 0.184449 0.397799 0.187241 0.326604 0.221746 0.327958 0.218954 0.399153
1 0.381881 0.767879 0.351873 0.713054 0.379148 0.698125 0.409156 0.752950
1 0.513085 0.678601 0.513039 0.736726 0.481320 0.736701 0.481367 0.678576
1 0.553492 0.621840 0.556058 0.687258 0.524988 0.688477 0.522422 0.623058
1 0.403544 0.542169 0.450577 0.586125 0.429026 0.609184 0.381993 0.565229
2 0.409434 0.392609 0.427242 0.392993 0.427006 0.403928 0.409197 0.403544
2 0.442620 0.733399 0.456101 0.745747 0.445863 0.756923 0.432383 0.744575
2 0.561775 0.426469 0.575949 0.422060 0.580962 0.438173 0.566788 0.442582
2 0.385925 0.779578 0.385908 0.800828 0.374189 0.800819 0.374206 0.779569
2 0.520198 0.849759 0.540206 0.847314 0.541589 0.858636 0.521582 0.861081
2 0.557142 0.865645 0.575727 0.865057 0.576151 0.878488 0.557567 0.879075
2 0.443733 0.871771 0.421345 0.869524 0.423014 0.852889 0.445402 0.855135
2 0.464062 0.838189 0.476739 0.819223 0.487781 0.826603 0.475104 0.845569
2 0.512944 0.907543 0.510022 0.891558 0.524316 0.888945 0.527238 0.904930
3 0.686808 0.747989 0.662257 0.769522 0.654633 0.760830 0.679184 0.739297
3 0.597489 0.709795 0.611131 0.688473 0.621660 0.695210 0.608018 0.716532
3 0.659674 0.445221 0.660825 0.474573 0.650833 0.474965 0.649682 0.445613
3 0.674941 0.569746 0.674916 0.600996 0.663354 0.600987 0.663378 0.569737
3 0.491575 0.767401 0.496430 0.799694 0.479124 0.802296 0.474270 0.770002
3 0.673121 0.496166 0.675153 0.525471 0.665177 0.526162 0.663145 0.496858
3 0.547437 0.821025 0.575643 0.831693 0.570171 0.846161 0.541965 0.835493
3 0.296616 0.480610 0.295533 0.445471 0.308027 0.445086 0.309110 0.480225